2 0.564546 0.564262 0.145902 0.057520
1 0.400871 0.318050 0.136552 0.224468
1 0.637497 0.395210 0.056118 0.089787
1 0.510299 0.293499 0.041154 0.077159
1 0.539292 0.361539 0.024317 0.064534
1 0.500010 0.403629 0.046765 0.039282
0 0.265255 0.325065 0.134680 0.162738
0 0.607569 0.272455 0.164608 0.150110
0 0.730090 0.430283 0.091657 0.196409
2 0.457923 0.448522 0.157127 0.050505
2 0.524328 0.501832 0.166480 0.058924
2 0.582315 0.623885 0.121585 0.064534
2 0.571092 0.680705 0.106621 0.054713
2 0.530874 0.734716 0.130938 0.058922
4 0.456864 0.495098 0.648461 0.589225
1 0.629891 0.461778 0.171467 0.080669
