13 0.220350 0.690098 0.160353 0.345118
0 0.592194 0.559792 0.196971 0.156565
0 0.786638 0.643127 0.194444 0.417510
0 0.590931 0.749018 0.154039 0.221886
0 0.578936 0.417369 0.165402 0.149830
1 0.234871 0.743127 0.138890 0.090908
1 0.205200 0.828985 0.069444 0.077441
1 0.098506 0.604239 0.073233 0.082490
1 0.294213 0.593294 0.035353 0.154882
1 0.215300 0.663160 0.066919 0.055556
1 0.206462 0.573093 0.071968 0.053873
1 0.577674 0.274273 0.261363 0.156565
2 0.215931 0.377807 0.078284 0.262627
2 0.268331 0.350029 0.029039 0.345118
2 0.306208 0.355923 0.039142 0.279461
0 0.794341 0.407444 0.179294 0.124562
3 0.515931 0.537908 0.741162 0.654882
