0 0.467538 0.265805 0.114480 0.109429
0 0.311534 0.332303 0.148147 0.067341
0 0.271129 0.454357 0.193042 0.173400
0 0.239704 0.590721 0.134683 0.109426
10 0.513554 0.446782 0.857461 0.632995
2 0.580894 0.333146 0.080807 0.052189
2 0.485495 0.358398 0.096520 0.055556
2 0.464170 0.468667 0.170595 0.154882
2 0.422644 0.640384 0.226712 0.191919
1 0.273484 0.253665 0.267719 0.067341
1 0.378874 0.153011 0.233448 0.079125
1 0.122982 0.386175 0.080807 0.175086
0 0.362038 0.268331 0.101010 0.047137
0 0.580894 0.280957 0.085297 0.048821
