0 0.556203 0.379441 0.139170 0.188554
0 0.388974 0.380283 0.186307 0.132998
0 0.240827 0.434998 0.096523 0.097642
1 0.507943 0.790216 0.042650 0.067338
1 0.318266 0.474559 0.053873 0.035353
1 0.518042 0.504021 0.062850 0.047140
1 0.576405 0.682471 0.071830 0.077441
1 0.363162 0.526748 0.251402 0.082490
4 0.553958 0.526748 0.745229 0.560608
1 0.836786 0.649643 0.246912 0.136365
1 0.764956 0.726243 0.148147 0.168348
2 0.501208 0.695940 0.065095 0.107743
2 0.763835 0.549475 0.109990 0.050505
2 0.676292 0.503179 0.226709 0.048824
2 0.598851 0.584828 0.206507 0.107745
2 0.325002 0.667321 0.287317 0.202020
0 0.696495 0.366815 0.136925 0.176767
0 0.388975 0.272539 0.074075 0.079123
