2 0.165837 0.435707 0.090412 0.098203
0 0.276740 0.388027 0.105500 0.072392
0 0.240827 0.483146 0.092033 0.117846
0 0.521410 0.548801 0.172840 0.097642
0 0.683026 0.478096 0.087542 0.178451
0 0.310412 0.579104 0.118967 0.037037
2 0.540490 0.318163 0.089784 0.114478
2 0.632521 0.345940 0.076317 0.072390
2 0.390098 0.664963 0.098765 0.040402
2 0.265518 0.631293 0.136925 0.063973
0 0.413665 0.308903 0.141415 0.075757
2 0.242217 0.338088 0.118467 0.092358
2 0.158895 0.522708 0.071830 0.062289
2 0.215011 0.573886 0.053873 0.040066
5 0.428255 0.499813 0.615039 0.567341
1 0.454070 0.733145 0.320990 0.085858
1 0.511310 0.638028 0.139170 0.067341
1 0.346325 0.454526 0.109990 0.063973
1 0.402443 0.393919 0.132435 0.070706
1 0.555080 0.430115 0.136925 0.072392
1 0.619054 0.271865 0.085297 0.065657
1 0.494474 0.228094 0.056118 0.048821
1 0.642621 0.650659 0.083052 0.028632
