0 0.771691 0.479609 0.148147 0.102694
1 0.658109 0.291395 0.224467 0.092593
2 0.193688 0.353347 0.074075 0.069022
1 0.610075 0.613449 0.134680 0.101010
1 0.919840 0.482135 0.103255 0.134681
1 0.800873 0.561260 0.139170 0.047137
1 0.704350 0.339879 0.107745 0.055556
1 0.192565 0.293583 0.071830 0.047137
0 0.271129 0.536849 0.026938 0.055556
0 0.307044 0.621865 0.062853 0.080809
0 0.367650 0.594088 0.062850 0.116162
0 0.374386 0.721192 0.103255 0.124581
0 0.433868 0.466142 0.136925 0.139730
0 0.569670 0.488027 0.112235 0.119529
0 0.657214 0.435838 0.085297 0.146466
2 0.488639 0.306545 0.136925 0.069022
1 0.617706 0.734998 0.071830 0.131314
2 0.509962 0.628094 0.179572 0.153199
2 0.276516 0.808229 0.215490 0.112797
0 0.562936 0.371866 0.071827 0.025252
0 0.247562 0.424896 0.222222 0.067341
0 0.326123 0.344088 0.168350 0.077441
0 0.272252 0.237185 0.132438 0.058924
