0 0.634662 0.273353 0.085520 0.043029
0 0.633578 0.399194 0.139641 0.064137
2 0.360686 0.701211 0.087294 0.028059
2 0.661533 0.534028 0.043647 0.194071
0 0.747783 0.511637 0.090931 0.097426
1 0.483111 0.235600 0.074693 0.029225
1 0.417080 0.324096 0.061703 0.019485
0 0.207074 0.353322 0.107167 0.037346
0 0.159985 0.404064 0.041134 0.051147
0 0.324526 0.287560 0.095261 0.090929
0 0.404088 0.260363 0.083353 0.107980
0 0.470123 0.276600 0.044382 0.051147
0 0.504761 0.347233 0.102837 0.049525
0 0.608141 0.342363 0.088765 0.056020
1 0.756768 0.375161 0.064948 0.063326
1 0.810569 0.397569 0.043301 0.044652
1 0.736958 0.441004 0.073608 0.037346
1 0.673631 0.327748 0.048712 0.057642
1 0.528577 0.300550 0.070363 0.050336
1 0.255247 0.305827 0.067114 0.052772
1 0.314784 0.207185 0.051961 0.058453
5 0.476815 0.460376 0.681193 0.523757
2 0.564109 0.645093 0.042088 0.039750
2 0.454212 0.704134 0.049882 0.024551
