1 0.851772 0.384109 0.058333 0.304761
1 0.711295 0.465060 0.044047 0.069840
1 0.666652 0.468235 0.040475 0.098412
1 0.570819 0.357917 0.058333 0.039683
1 0.595224 0.462680 0.102380 0.160320
2 0.397605 0.490458 0.042858 0.034922
2 0.400581 0.630141 0.034525 0.047621
0 0.693439 0.868235 0.158333 0.098412
0 0.566056 0.782521 0.091667 0.279363
2 0.238081 0.461886 0.026191 0.063490
2 0.245224 0.291252 0.042855 0.020634
0 0.679743 0.355536 0.157132 0.047621
0 0.658322 0.313474 0.209532 0.046033
0 0.707719 0.403155 0.117846 0.050794
0 0.886297 0.723791 0.075000 0.158732
0 0.780343 0.460299 0.084525 0.063493
0 0.794034 0.323791 0.057142 0.209523
13 0.702366 0.371408 0.371429 0.333333
2 0.176176 0.429346 0.052402 0.363490
1 0.865466 0.623791 0.045245 0.034922
1 0.843439 0.857124 0.055951 0.044444
1 0.920819 0.842044 0.098809 0.071428
1 0.863676 0.908711 0.177382 0.058729
1 0.624391 0.243632 0.215478 0.096827
0 0.681533 0.609505 0.322620 0.069840
1 0.731534 0.733315 0.232142 0.171428
1 0.530343 0.419029 0.027382 0.253967
2 0.341652 0.246806 0.307142 0.071428
2 0.457129 0.596806 0.078571 0.628572
2 0.390462 0.784902 0.054762 0.258732
2 0.212487 0.398394 0.022620 0.234918
2 0.408320 0.557124 0.021429 0.098412
2 0.398200 0.300776 0.044047 0.039683
