0 0.375074 0.515651 0.164611 0.036375
5 0.500000 0.459953 1.000000 0.691427
0 0.481875 0.353065 0.092102 0.052911
2 0.464236 0.242833 0.068583 0.158729
0 0.426023 0.407628 0.160694 0.054016
0 0.317167 0.437333 0.057019 0.113646
2 0.496569 0.546518 0.090139 0.051807
1 0.526944 0.618164 0.135222 0.082672
1 0.420148 0.468255 0.141093 0.060625
1 0.357440 0.564703 0.125417 0.055115
0 0.620028 0.495810 0.152852 0.181880
0 0.208505 0.311177 0.141102 0.057323
0 0.144829 0.526120 0.280213 0.368177
2 0.734667 0.632495 0.280222 0.073854
2 0.851167 0.523919 0.297667 0.187391
2 0.235940 0.241182 0.105824 0.067240
2 0.358398 0.269841 0.143019 0.217151
