1 0.395896 0.498715 0.107903 0.067336
1 0.887562 0.463059 0.125708 0.075758
1 0.790292 0.425180 0.122722 0.037031
1 0.684042 0.396559 0.071833 0.074070
0 0.274014 0.479051 0.095778 0.070711
1 0.583778 0.623832 0.068833 0.087539
1 0.143833 0.418445 0.092778 0.087547
1 0.391563 0.553426 0.337069 0.044742
1 0.472229 0.689828 0.070875 0.034703
0 0.129972 0.498008 0.132306 0.049922
1 0.584118 0.362937 0.114319 0.096453
1 0.713431 0.529414 0.187861 0.141641
1 0.864389 0.547379 0.103556 0.088867
1 0.765792 0.639656 0.235417 0.078844
1 0.390625 0.403934 0.274028 0.118539
1 0.277917 0.645027 0.315833 0.140102
