0 0.430070 0.679472 0.017986 0.109242
1 0.308218 0.554900 0.027877 0.044083
1 0.393200 0.666058 0.050361 0.132239
1 0.441762 0.579813 0.106115 0.090077
1 0.463793 0.663181 0.040466 0.084324
1 0.496617 0.667016 0.026978 0.088161
1 0.493919 0.532859 0.064748 0.118822
0 0.325754 0.635392 0.079137 0.105405
0 0.354530 0.559690 0.062950 0.049831
0 0.338793 0.758048 0.060250 0.124570
0 0.486275 0.834703 0.096224 0.128422
0 0.405790 0.777213 0.061151 0.082408
0 0.582044 0.516570 0.052166 0.231901
0 0.527642 0.677556 0.035072 0.174406
0 0.539333 0.546276 0.024281 0.084324
1 0.339694 0.493571 0.080036 0.078576
0 0.473685 0.736970 0.067447 0.055579
2 0.447156 0.322999 0.194245 0.389042
4 0.454351 0.512736 0.357913 0.829846
