1 0.142174 0.531519 0.091653 0.035719
2 0.571292 0.427477 0.034194 0.015304
2 0.702618 0.480104 0.225708 0.124391
2 0.662264 0.585994 0.251694 0.086120
2 0.479778 0.578083 0.112167 0.103977
0 0.341201 0.528012 0.158681 0.046567
0 0.590854 0.384799 0.143625 0.067617
0 0.426729 0.437746 0.247653 0.048472
0 0.476667 0.497085 0.041111 0.061269
1 0.185264 0.488779 0.155944 0.047209
1 0.283062 0.589249 0.135431 0.152461
0 0.224250 0.435194 0.154583 0.054858
0 0.563493 0.530881 0.053347 0.020415
0 0.570340 0.449867 0.031458 0.024242
0 0.545681 0.490693 0.097194 0.056140
0 0.470472 0.351949 0.099861 0.125661
0 0.304951 0.370447 0.285903 0.088666
0 0.723542 0.328028 0.127222 0.079100
4 0.464229 0.483999 0.770153 0.395745
