0 0.537986 0.542567 0.083728 0.034885
0 0.437969 0.399207 0.153494 0.048135
2 0.504636 0.361185 0.227917 0.029305
2 0.501542 0.594916 0.097694 0.066977
0 0.357344 0.522006 0.128689 0.034188
0 0.595339 0.421187 0.083722 0.034885
8 0.478583 0.518925 0.606722 0.353300
1 0.454364 0.663646 0.252583 0.056152
1 0.695672 0.513449 0.061644 0.050743
1 0.701683 0.568928 0.109756 0.045330
1 0.649817 0.620685 0.072167 0.075775
1 0.405500 0.575355 0.091711 0.039240
1 0.446094 0.608845 0.037589 0.026385
0 0.270189 0.562500 0.067656 0.078480
1 0.234858 0.511757 0.090206 0.090660
1 0.661842 0.386594 0.099228 0.033827
1 0.679131 0.429556 0.079683 0.049387
1 0.585167 0.464060 0.105244 0.041270
1 0.394978 0.480975 0.148844 0.012855
1 0.328825 0.440381 0.106750 0.050743
1 0.435569 0.433954 0.112761 0.016238
2 0.565619 0.388962 0.090206 0.026385
1 0.574642 0.503977 0.090206 0.015560
2 0.617492 0.546601 0.073672 0.061567
0 0.424294 0.456618 0.066156 0.026385
